     0/299     10.5G   0.04595   0.06622   0.01984     0.132       145       640    0.6271    0.4694    0.5037    0.3079   0.04479   0.05096   0.01957
     1/299     12.3G   0.04881   0.06887   0.02369    0.1414       134       640    0.5814    0.4187    0.4416    0.2591   0.04701   0.05361   0.02312
     2/299     12.3G    0.0519    0.0722   0.02863    0.1527       123       640    0.5656    0.3741    0.3989    0.2273   0.04901    0.0549   0.02542
     3/299     12.3G   0.05264   0.07299   0.02957    0.1552       234       640    0.5794    0.4322    0.4511    0.2665   0.04688   0.05289   0.02197
     4/299     12.3G   0.05163   0.07206   0.02799    0.1517       120       640    0.6008     0.448    0.4741    0.2873   0.04587   0.05217   0.02055
     5/299     12.3G   0.05118   0.07187   0.02737    0.1504       118       640     0.614    0.4589    0.4901    0.2996   0.04516   0.05134   0.01979
     6/299     12.3G   0.05092   0.07142   0.02706    0.1494        92       640    0.6417    0.4607    0.5013    0.3092   0.04467   0.05096   0.01922
     7/299     12.3G   0.05075   0.07141   0.02673    0.1489       135       640    0.6239    0.4753     0.508    0.3146   0.04444   0.05074     0.019
     8/299     12.3G   0.05075    0.0715   0.02659    0.1489       115       640    0.6236     0.479     0.511    0.3179   0.04423   0.05056   0.01876
     9/299     12.3G   0.05071   0.07112   0.02659    0.1484       180       640    0.6276    0.4787    0.5133    0.3198   0.04415   0.05049   0.01863
    10/299     12.3G   0.05059   0.07131   0.02655    0.1485       153       640    0.6286    0.4808    0.5146    0.3214   0.04407   0.05044   0.01855
    11/299     12.3G   0.05053   0.07098   0.02648     0.148       194       640    0.6364    0.4761    0.5153    0.3229   0.04401   0.05041   0.01849
    12/299     12.3G   0.05052   0.07128   0.02625    0.1481       151       640    0.6351    0.4784    0.5164    0.3232   0.04398   0.05039   0.01845
    13/299     12.3G   0.05054   0.07128    0.0263    0.1481       143       640    0.6329    0.4789    0.5164     0.324   0.04395   0.05036   0.01842
    14/299     12.3G   0.05045   0.07114   0.02638     0.148       166       640    0.6282    0.4834    0.5171    0.3242   0.04392   0.05033    0.0184
    15/299     12.3G   0.05055   0.07121   0.02629    0.1481       149       640    0.6232    0.4862    0.5176     0.325    0.0439    0.0503   0.01836
    16/299     12.3G   0.05047   0.07106    0.0263    0.1478       136       640    0.6154    0.4903    0.5176    0.3249   0.04388   0.05028   0.01833
    17/299     12.3G   0.05049   0.07092   0.02633    0.1477       169       640    0.6062    0.4959    0.5188    0.3254   0.04387   0.05029   0.01831
    18/299     12.3G   0.05052   0.07092   0.02631    0.1478        81       640    0.6126    0.4932    0.5189    0.3258   0.04386   0.05028    0.0183
    19/299     12.3G   0.05049   0.07094   0.02624    0.1477       144       640     0.655    0.4708    0.5193    0.3261   0.04386   0.05027    0.0183
    20/299     12.3G   0.05048   0.07094   0.02616    0.1476       113       640    0.6274    0.4852    0.5199     0.327   0.04386   0.05027   0.01829
    21/299     12.3G   0.05048   0.07111   0.02623    0.1478       143       640    0.6575    0.4704    0.5205     0.327   0.04385   0.05027   0.01827
    22/299     12.3G   0.05049   0.07127   0.02618    0.1479       138       640     0.643    0.4777    0.5207     0.327   0.04384   0.05027   0.01824
    23/299     12.3G   0.05046   0.07105   0.02622    0.1477       135       640    0.6417    0.4786     0.521    0.3269   0.04384   0.05027   0.01823
    24/299     12.3G   0.05044   0.07114   0.02624    0.1478       113       640    0.6309    0.4827    0.5202     0.327   0.04384   0.05027   0.01823
    25/299     12.3G   0.05048   0.07098   0.02624    0.1477       135       640    0.6241    0.4836      0.52    0.3267   0.04384   0.05026   0.01824
    26/299     12.3G   0.05047   0.07085   0.02605    0.1474       148       640    0.6076     0.492      0.52    0.3266   0.04383   0.05027   0.01823
    27/299     12.3G   0.05041   0.07117   0.02616    0.1477       145       640    0.6321    0.4806    0.5203    0.3266   0.04384   0.05027   0.01821
    28/299     12.3G   0.05049   0.07112   0.02609    0.1477       191       640    0.6396     0.476    0.5195    0.3265   0.04384   0.05027   0.01818
    29/299     12.3G   0.05045   0.07101   0.02619    0.1476       201       640    0.6466    0.4731    0.5195    0.3265   0.04383   0.05027   0.01816
    30/299     12.3G   0.05033   0.07085   0.02605    0.1472       165       640    0.6391    0.4771    0.5199    0.3264   0.04384   0.05027   0.01818
    31/299     12.3G   0.05037   0.07096   0.02611    0.1474        87       640    0.6385    0.4769    0.5196    0.3265   0.04384   0.05027   0.01817
    32/299     12.3G   0.05034    0.0707   0.02596     0.147       126       640    0.6481    0.4725    0.5199    0.3262   0.04385   0.05027   0.01817
    33/299     12.3G   0.05041   0.07112   0.02608    0.1476       172       640    0.6687    0.4639    0.5208    0.3268   0.04384   0.05027   0.01815
    34/299     12.3G   0.05038   0.07097   0.02606    0.1474       161       640    0.6379    0.4781    0.5203    0.3265   0.04385   0.05026   0.01816
    35/299     12.3G    0.0504   0.07092   0.02609    0.1474       156       640    0.6226    0.4861      0.52    0.3266   0.04385   0.05024   0.01814
    36/299     12.3G   0.05039   0.07117   0.02607    0.1476       108       640    0.6426    0.4775    0.5202    0.3265   0.04385   0.05024   0.01814
    37/299     12.3G   0.05039   0.07098   0.02609    0.1475       152       640    0.6458     0.477    0.5205    0.3266   0.04384   0.05024   0.01813
    38/299     12.3G   0.05033   0.07063   0.02603     0.147       203       640    0.6342    0.4841    0.5209    0.3272   0.04384   0.05025   0.01814
    39/299     12.3G   0.05031   0.07098     0.026    0.1473       143       640    0.6258     0.489    0.5215    0.3274   0.04384   0.05024   0.01812
    40/299     12.3G    0.0503   0.07067     0.026     0.147       173       640    0.6387    0.4834    0.5218    0.3274   0.04384   0.05022   0.01809
    41/299     12.3G   0.05023   0.07077   0.02594    0.1469       199       640    0.6448    0.4806    0.5224    0.3281   0.04384   0.05021   0.01808
    42/299     12.3G   0.05027   0.07082   0.02592     0.147       171       640    0.6482    0.4775    0.5228    0.3284   0.04385   0.05022   0.01808
    43/299     12.3G   0.05026   0.07099   0.02593    0.1472       123       640    0.6542    0.4745    0.5227    0.3282   0.04384   0.05022   0.01808
    44/299     12.3G   0.05026   0.07075   0.02581    0.1468       110       640     0.656     0.473    0.5219    0.3281   0.04384   0.05021   0.01809
    45/299     12.3G   0.05027   0.07089   0.02587     0.147        99       640    0.6526    0.4755    0.5224    0.3282   0.04384   0.05021   0.01808
    46/299     12.3G   0.05026   0.07091   0.02585     0.147       105       640    0.6323    0.4854    0.5226    0.3283   0.04383   0.05021   0.01806
    47/299     12.3G    0.0502   0.07102   0.02584    0.1471       178       640    0.6242    0.4897    0.5227    0.3287   0.04382    0.0502   0.01805
    48/299     12.3G   0.05021   0.07098   0.02582     0.147       152       640     0.635    0.4837    0.5229    0.3289   0.04381    0.0502   0.01804
    49/299     12.3G   0.05024   0.07071   0.02586    0.1468       170       640    0.6375    0.4822    0.5236     0.329   0.04381   0.05018   0.01802
    50/299     12.3G   0.05023   0.07093   0.02582     0.147       147       640    0.6309    0.4874    0.5243    0.3292   0.04381   0.05017     0.018
    51/299     12.3G   0.05022   0.07097   0.02582     0.147       170       640    0.6416    0.4802     0.524    0.3295   0.04381   0.05017   0.01799
    52/299     12.3G   0.05017   0.07068   0.02573    0.1466       153       640    0.6314    0.4856    0.5239    0.3295    0.0438   0.05016   0.01798
    53/299     12.3G   0.05019   0.07091   0.02574    0.1468       103       640    0.6472    0.4775    0.5235    0.3291   0.04379   0.05016   0.01798
    54/299     12.3G   0.05018   0.07088   0.02581    0.1469       113       640    0.6441    0.4801    0.5244    0.3301   0.04378   0.05016   0.01798
    55/299     12.3G   0.05014   0.07084   0.02575    0.1467       171       640    0.6542    0.4769    0.5245    0.3303   0.04378   0.05015   0.01797
    56/299     12.3G   0.05009   0.07048   0.02572    0.1463        92       640    0.6587    0.4756    0.5262    0.3315   0.04378   0.05014   0.01796
    57/299     12.3G   0.05013   0.07055   0.02569    0.1464       153       640      0.63    0.4887    0.5254    0.3306   0.04377   0.05013   0.01795
    58/299     12.3G   0.05004   0.07063   0.02564    0.1463       110       640    0.6285    0.4877    0.5249    0.3303   0.04377   0.05012   0.01795
    59/299     12.3G    0.0502    0.0705   0.02562    0.1463       162       640    0.6323    0.4884    0.5257    0.3303   0.04377   0.05013   0.01796
    60/299     12.3G   0.05007   0.07075    0.0257    0.1465       190       640    0.6375    0.4848    0.5256    0.3309   0.04378   0.05011   0.01794
    61/299     12.3G   0.05006    0.0709   0.02563    0.1466       128       640    0.6272    0.4914    0.5258    0.3307   0.04377   0.05011   0.01793
    62/299     12.3G   0.05005   0.07073   0.02551    0.1463       182       640    0.6411    0.4828    0.5257    0.3301   0.04378    0.0501   0.01792
    63/299     12.3G   0.05008   0.07067   0.02551    0.1463        71       640    0.6271    0.4915    0.5255    0.3302   0.04377   0.05009    0.0179
    64/299     12.3G   0.05003   0.07042   0.02552     0.146       123       640    0.6516    0.4782    0.5253    0.3299   0.04376   0.05009   0.01788
    65/299     12.3G   0.05005   0.07058   0.02553    0.1462       156       640    0.6234    0.4947    0.5253    0.3303   0.04376   0.05009   0.01788
    66/299     12.3G   0.05006   0.07094   0.02553    0.1465       115       640    0.6348    0.4884    0.5257    0.3307   0.04375   0.05007   0.01786
    67/299     12.3G   0.05001   0.07061    0.0255    0.1461       139       640    0.6432    0.4842    0.5259    0.3309   0.04375   0.05006   0.01784
    68/299     12.3G   0.04999   0.07053   0.02544     0.146       160       640    0.6322    0.4891    0.5258    0.3308   0.04373   0.05006   0.01783
    69/299     12.3G   0.05002   0.07044   0.02558     0.146       111       640    0.6372    0.4886    0.5269     0.331   0.04373   0.05006   0.01782
    70/299     12.3G   0.04993   0.07045   0.02541    0.1458       166       640     0.633    0.4898    0.5267    0.3309   0.04371   0.05004    0.0178
    71/299     12.3G   0.04997   0.07054   0.02533    0.1458       142       640    0.6476    0.4834    0.5267    0.3312   0.04371   0.05004   0.01779
    72/299     12.3G   0.04992   0.07052   0.02536    0.1458       164       640    0.6383     0.488    0.5265     0.331   0.04372   0.05005    0.0178
    73/299     12.3G   0.04986   0.07041   0.02534    0.1456       123       640    0.6489    0.4819    0.5268    0.3313   0.04372   0.05006   0.01781
    74/299     12.3G   0.04989   0.07054   0.02534    0.1458       135       640    0.6394    0.4878    0.5275    0.3315   0.04372   0.05006    0.0178
    75/299     12.3G   0.04991   0.07069   0.02541     0.146       167       640    0.6256    0.4956    0.5273    0.3317   0.04372   0.05007    0.0178
    76/299     12.3G   0.04987   0.07071   0.02533    0.1459       142       640    0.6265    0.4975     0.527    0.3314   0.04372   0.05007    0.0178
    77/299     12.3G   0.04981   0.07042   0.02531    0.1455       188       640     0.647    0.4869    0.5274    0.3315   0.04372   0.05006   0.01779
    78/299     12.3G   0.04987   0.07052   0.02534    0.1457       192       640    0.6399    0.4887    0.5273    0.3316   0.04371   0.05006   0.01778
    79/299     12.3G   0.04992    0.0708   0.02526     0.146       148       640    0.6448    0.4877    0.5277    0.3312    0.0437   0.05007   0.01778
    80/299     12.3G   0.04985   0.07039   0.02525    0.1455       190       640    0.6351    0.4924    0.5277    0.3314    0.0437   0.05006   0.01779
    81/299     12.3G   0.04987   0.07054   0.02519    0.1456       153       640    0.6371    0.4905    0.5271    0.3315   0.04369   0.05006   0.01778
    82/299     12.3G   0.04981   0.07073   0.02519    0.1457        73       640    0.6406    0.4885    0.5267    0.3318    0.0437   0.05006   0.01776
    83/299     12.3G   0.04972   0.07039   0.02508    0.1452       120       640    0.6395    0.4898    0.5274     0.332   0.04369   0.05006   0.01775
    84/299     12.3G    0.0497   0.07036   0.02518    0.1452       145       640    0.6384    0.4899    0.5282    0.3324   0.04368   0.05005   0.01774
    85/299     12.3G    0.0498   0.07047   0.02517    0.1454       131       640     0.633    0.4935    0.5281    0.3322   0.04367   0.05004   0.01773
    86/299     12.3G   0.04973   0.07029   0.02523    0.1452       108       640    0.6369    0.4915    0.5288    0.3326   0.04366   0.05004   0.01772
    87/299     12.3G   0.04975   0.07032   0.02511    0.1452       167       640    0.6614     0.479    0.5292    0.3332   0.04365   0.05003   0.01773
    88/299     12.3G   0.04972   0.07057   0.02513    0.1454        89       640    0.6299    0.4943    0.5296    0.3335   0.04365   0.05003   0.01771
    89/299     12.3G   0.04973   0.07044     0.025    0.1452       143       640    0.6508    0.4835    0.5298    0.3338   0.04364   0.05002   0.01768
    90/299     12.3G   0.04964   0.07019   0.02496    0.1448       153       640    0.6482    0.4855    0.5302    0.3337   0.04362      0.05   0.01768
    91/299     12.3G   0.04967   0.07022   0.02507     0.145       160       640    0.6386    0.4889    0.5302    0.3341   0.04361      0.05   0.01765
    92/299     12.3G   0.04967   0.07042   0.02499    0.1451       190       640    0.6236     0.497    0.5298    0.3338    0.0436      0.05   0.01763
    93/299     12.3G   0.04964   0.07028   0.02494    0.1449       152       640    0.6242    0.4966    0.5297    0.3341   0.04358      0.05   0.01762
    94/299     12.3G    0.0496   0.07037   0.02495    0.1449       130       640    0.6505    0.4832    0.5294    0.3342   0.04357   0.05001   0.01761
    95/299     12.3G   0.04963   0.07048   0.02493     0.145       236       640     0.645    0.4877    0.5317    0.3351   0.04356   0.05002   0.01759
    96/299     12.3G   0.04954   0.07014   0.02498    0.1447       120       640    0.6283    0.4967    0.5319    0.3354   0.04355   0.05003   0.01757
    97/299     12.3G   0.04958   0.07036   0.02485    0.1448       146       640    0.6318    0.4971    0.5328    0.3357   0.04354   0.05003   0.01756
    98/299     12.3G   0.04952   0.07016    0.0249    0.1446       137       640    0.6412    0.4909    0.5323     0.336   0.04354   0.05003   0.01756
    99/299     12.3G    0.0495   0.07026   0.02477    0.1445        91       640    0.6306    0.4977    0.5325    0.3355   0.04353   0.05003   0.01755
   100/299     12.3G   0.04949   0.07044   0.02488    0.1448       165       640    0.6253    0.5026    0.5329    0.3358   0.04353   0.05001   0.01753
   101/299     12.3G   0.04951   0.07012   0.02483    0.1445       164       640    0.6291    0.4982    0.5332    0.3364   0.04352   0.05001   0.01753
   102/299     12.3G    0.0495   0.07015   0.02471    0.1444       150       640    0.6591    0.4846    0.5331    0.3366   0.04352   0.04998   0.01752
   103/299     12.3G   0.04948      0.07   0.02482    0.1443       168       640    0.6534    0.4876    0.5328    0.3365    0.0435   0.04997    0.0175
   104/299     12.3G   0.04941   0.07019   0.02464    0.1443       166       640    0.6455    0.4914    0.5332    0.3366   0.04349   0.04995   0.01747
   105/299     12.3G   0.04943   0.07008   0.02467    0.1442       103       640    0.6528    0.4901    0.5333    0.3363   0.04348   0.04994   0.01746
   106/299     12.3G    0.0494   0.07002   0.02465    0.1441       220       640    0.6481    0.4948    0.5338    0.3366   0.04347   0.04994   0.01743
   107/299     12.3G    0.0494   0.07009    0.0247    0.1442       153       640    0.6454    0.4969    0.5344    0.3372   0.04347   0.04993   0.01742
   108/299     12.3G   0.04939   0.07008   0.02458    0.1441       107       640    0.6382    0.5007    0.5344    0.3375   0.04346   0.04991   0.01743
   109/299     12.3G   0.04935   0.07003   0.02459     0.144       112       640    0.6459    0.4961    0.5341    0.3374   0.04346   0.04991   0.01743
   110/299     12.3G   0.04938   0.07005   0.02459     0.144       132       640    0.6371    0.4997    0.5343    0.3375   0.04346   0.04991   0.01742
   111/299     12.3G   0.04929   0.07001   0.02448    0.1438       163       640    0.6389    0.4975    0.5342    0.3369   0.04344    0.0499   0.01741
   112/299     12.3G   0.04931   0.07015   0.02457     0.144       115       640    0.6361     0.498    0.5345    0.3374   0.04343   0.04989   0.01739
   113/299     12.3G   0.04934   0.07007   0.02444    0.1439       124       640     0.635    0.4989    0.5343    0.3372   0.04343   0.04988    0.0174
   114/299     12.3G   0.04925   0.06983   0.02448    0.1436        97       640    0.6466    0.4923    0.5342    0.3376   0.04343   0.04985    0.0174
   115/299     12.3G   0.04923   0.06985   0.02446    0.1435       138       640    0.6374    0.4965    0.5343    0.3377   0.04343   0.04985    0.0174
   116/299     12.3G   0.04923   0.06995   0.02441    0.1436        92       640    0.6379     0.498    0.5348    0.3382   0.04342   0.04984   0.01737
   117/299     12.3G   0.04921   0.07003   0.02432    0.1436       159       640    0.6427    0.4964    0.5349     0.338   0.04342   0.04985   0.01735
   118/299     12.3G   0.04919   0.06978   0.02435    0.1433       192       640    0.6289    0.5032    0.5345    0.3375   0.04342   0.04985   0.01733
