     0/299      6.5G   0.04484   0.06727   0.02089     0.133       145       640    0.6392    0.4758    0.5139    0.3209    0.0437   0.05106   0.01879
     1/299     6.51G   0.04836   0.07013   0.02524    0.1437       134       640     0.597    0.4662    0.4865    0.2993   0.04493   0.05196   0.02029
     2/299     6.52G    0.0523   0.07317   0.03041    0.1559       123       640     0.618    0.4318    0.4668    0.2826   0.04581   0.05271   0.02143
     3/299     6.52G   0.05295   0.07369   0.03107    0.1577       234       640    0.6036    0.4493    0.4782    0.2913   0.04541    0.0523   0.02075
     4/299     6.52G   0.05183   0.07273   0.02931    0.1539       120       640    0.5961     0.464    0.4892    0.3015   0.04496   0.05188   0.02007
     5/299     6.52G   0.05133   0.07248   0.02853    0.1523       118       640    0.6237    0.4632    0.4968    0.3065   0.04467   0.05164    0.0197
     6/299     6.52G   0.05105   0.07196   0.02825    0.1513        92       640    0.6112    0.4725       0.5    0.3098   0.04448    0.0515    0.0195
     7/299     6.52G   0.05084   0.07193   0.02787    0.1506       135       640    0.6202    0.4706    0.5033    0.3116   0.04437   0.05139   0.01937
     8/299     6.52G   0.05089   0.07215   0.02774    0.1508       115       640    0.6212    0.4731    0.5062    0.3147   0.04427   0.05131   0.01922
     9/299     6.52G   0.05082   0.07173   0.02767    0.1502       180       640    0.6262    0.4748    0.5072    0.3154   0.04421   0.05124   0.01911
    10/299     6.52G   0.05067   0.07182   0.02753      0.15       153       640    0.6185    0.4803     0.509    0.3166   0.04417    0.0512   0.01902
    11/299     6.52G   0.05064    0.0715    0.0275    0.1496       194       640    0.6215    0.4793    0.5105    0.3179   0.04413   0.05117   0.01897
    12/299     6.52G   0.05064    0.0718    0.0274    0.1498       151       640    0.6276    0.4783     0.511    0.3186    0.0441   0.05113   0.01893
    13/299     6.52G   0.05061   0.07175   0.02731    0.1497       143       640    0.6228    0.4821    0.5121    0.3197   0.04408   0.05111   0.01891
    14/299     6.52G   0.05053   0.07164   0.02749    0.1497       166       640     0.637    0.4723    0.5122    0.3195   0.04408   0.05108   0.01889
    15/299     6.52G   0.05062   0.07173   0.02727    0.1496       149       640    0.6335    0.4742    0.5135    0.3204   0.04407   0.05105   0.01885
    16/299     6.52G   0.05059   0.07158   0.02738    0.1495       136       640    0.6198    0.4824    0.5142    0.3218   0.04405   0.05104   0.01882
    17/299     6.52G   0.05052   0.07148   0.02735    0.1494       169       640    0.6385    0.4728    0.5153    0.3221   0.04404   0.05102    0.0188
    18/299     6.52G   0.05054   0.07143   0.02731    0.1493        81       640     0.628     0.478    0.5152    0.3223   0.04403   0.05101   0.01878
    19/299     6.52G   0.05056   0.07143   0.02725    0.1492       144       640    0.6432    0.4708    0.5153    0.3227   0.04402   0.05099   0.01877
    20/299     6.52G   0.05056   0.07154   0.02717    0.1493       113       640    0.6354    0.4764    0.5161    0.3228   0.04401   0.05097   0.01876
    21/299     6.52G   0.05054   0.07154   0.02728    0.1494       143       640    0.6379    0.4755    0.5163    0.3233     0.044   0.05097   0.01876
    22/299     6.52G   0.05059    0.0718    0.0272    0.1496       138       640     0.619     0.484    0.5161    0.3235   0.04399   0.05097   0.01876
    23/299     6.52G   0.05055   0.07155   0.02722    0.1493       135       640    0.6321     0.477    0.5157    0.3231     0.044   0.05098   0.01875
    24/299     6.52G    0.0505   0.07165   0.02719    0.1493       113       640    0.6321    0.4787    0.5158    0.3228     0.044   0.05097   0.01874
    25/299     6.52G   0.05059    0.0715   0.02726    0.1493       135       640    0.6268    0.4812    0.5158     0.323   0.04399   0.05096   0.01874
    26/299     6.52G   0.05055   0.07131    0.0271     0.149       148       640    0.6157    0.4866    0.5162    0.3225   0.04399   0.05095   0.01874
    27/299     6.52G   0.05053   0.07171   0.02716    0.1494       145       640    0.6224    0.4838    0.5162    0.3226   0.04401    0.0509   0.01872
    28/299     6.52G   0.05057   0.07168   0.02715    0.1494       191       640    0.6465    0.4724    0.5162    0.3232   0.04401    0.0509   0.01871
    29/299     6.52G   0.05055    0.0716   0.02716    0.1493       201       640     0.635     0.478    0.5167    0.3232     0.044   0.05089    0.0187
    30/299     6.52G   0.05043   0.07143   0.02706    0.1489       165       640    0.6391    0.4756    0.5161    0.3225   0.04401    0.0509    0.0187
    31/299     6.52G   0.05046   0.07146   0.02709     0.149        87       640    0.6309    0.4789    0.5156    0.3228   0.04402   0.05091   0.01869
    32/299     6.52G   0.05042   0.07127   0.02694    0.1486       126       640    0.6365    0.4755    0.5152    0.3225   0.04402   0.05091   0.01868
    33/299     6.52G   0.05047   0.07156   0.02697     0.149       172       640    0.6255    0.4819    0.5154    0.3222   0.04401   0.05091   0.01866
    34/299     6.52G   0.05046   0.07141   0.02705    0.1489       161       640     0.636    0.4754    0.5159    0.3223   0.04401    0.0509   0.01865
    35/299     6.52G   0.05048   0.07154   0.02704    0.1491       156       640    0.6259    0.4808    0.5162    0.3227   0.04401   0.05089   0.01863
    36/299     6.52G   0.05048    0.0717   0.02706    0.1492       108       640    0.6222    0.4856    0.5169    0.3224   0.04401   0.05089   0.01863
    37/299     6.52G   0.05047   0.07142   0.02705    0.1489       152       640    0.6207    0.4849    0.5167    0.3228   0.04401   0.05089   0.01864
    38/299     6.52G   0.05042   0.07115   0.02702    0.1486       203       640    0.6545    0.4681    0.5174    0.3231     0.044   0.05089   0.01862
    39/299     6.52G   0.05041   0.07156   0.02703     0.149       143       640    0.6361    0.4762    0.5182     0.324     0.044   0.05089    0.0186
    40/299     6.52G   0.05038   0.07129   0.02707    0.1487       173       640    0.6148    0.4876    0.5189    0.3242     0.044   0.05089   0.01858
    41/299     6.52G   0.05035   0.07125   0.02696    0.1486       199       640     0.622    0.4859    0.5191    0.3242     0.044   0.05089   0.01854
    42/299     6.52G   0.05041   0.07138   0.02692    0.1487       171       640    0.6388    0.4767    0.5192    0.3245   0.04399    0.0509   0.01852
    43/299     6.52G   0.05035   0.07143   0.02691    0.1487       123       640    0.6367    0.4776    0.5191    0.3249   0.04398   0.05091    0.0185
    44/299     6.52G   0.05035   0.07134    0.0268    0.1485       110       640     0.653    0.4695    0.5193    0.3249   0.04398    0.0509    0.0185
    45/299     6.52G   0.05038   0.07146   0.02682    0.1487        99       640    0.6453    0.4722    0.5179    0.3244   0.04398    0.0509   0.01851
    46/299     6.52G   0.05037    0.0714   0.02687    0.1486       105       640    0.6148    0.4878    0.5178    0.3241   0.04397   0.05089   0.01851
    47/299     6.52G   0.05032   0.07153   0.02681    0.1487       178       640    0.6095    0.4927    0.5185    0.3243   0.04396   0.05088   0.01851
    48/299     6.52G   0.05034   0.07146   0.02684    0.1486       152       640    0.6123    0.4901    0.5182    0.3242   0.04396   0.05086   0.01851
    49/299     6.52G   0.05033   0.07132   0.02677    0.1484       170       640    0.6118      0.49    0.5182    0.3236   0.04396   0.05086   0.01851
    50/299     6.52G    0.0503   0.07135   0.02686    0.1485       147       640      0.62     0.486    0.5182    0.3239   0.04395   0.05085    0.0185
    51/299     6.52G   0.05031   0.07149   0.02677    0.1486       170       640    0.6106    0.4919    0.5186     0.324   0.04395   0.05085   0.01848
    52/299     6.52G   0.05024   0.07122   0.02673    0.1482       153       640    0.6339    0.4807    0.5188    0.3242   0.04395   0.05084   0.01846
    53/299     6.52G   0.05029   0.07144   0.02673    0.1485       103       640    0.6297    0.4835    0.5196    0.3247   0.04395   0.05083   0.01844
    54/299     6.52G   0.05026    0.0714   0.02672    0.1484       113       640    0.6254     0.486    0.5199    0.3256   0.04396   0.05082   0.01842
    55/299     6.52G   0.05024   0.07139   0.02672    0.1484       171       640    0.6346    0.4815    0.5208    0.3259   0.04396   0.05081   0.01841
    56/299     6.52G   0.05019     0.071   0.02672    0.1479        92       640     0.628    0.4857    0.5213    0.3265   0.04395   0.05081   0.01839
    57/299     6.52G   0.05025   0.07105   0.02665    0.1479       153       640    0.6221      0.49    0.5217    0.3265   0.04394    0.0508   0.01839
    58/299     6.52G   0.05012   0.07108   0.02659    0.1478       110       640    0.6421    0.4792    0.5216    0.3268   0.04394    0.0508   0.01839
    59/299     6.52G   0.05027   0.07101   0.02662    0.1479       162       640    0.6181    0.4932    0.5221    0.3267   0.04394   0.05082    0.0184
    60/299     6.52G   0.05017    0.0713   0.02663    0.1481       190       640    0.6412    0.4809    0.5219    0.3269   0.04393   0.05082   0.01839
    61/299     6.52G   0.05016   0.07147   0.02659    0.1482       128       640    0.6628    0.4715    0.5226    0.3272   0.04392   0.05082   0.01839
    62/299     6.52G   0.05014   0.07128   0.02652    0.1479       182       640     0.663    0.4712    0.5222    0.3275   0.04392   0.05082   0.01838
    63/299     6.52G   0.05018   0.07129   0.02653     0.148        71       640     0.665    0.4691     0.522    0.3272   0.04391   0.05081   0.01837
    64/299     6.52G   0.05012   0.07096   0.02648    0.1476       123       640     0.659    0.4709     0.522    0.3272    0.0439   0.05083   0.01834
    65/299     6.52G   0.05018   0.07117   0.02649    0.1478       156       640    0.6648    0.4689     0.523    0.3275   0.04389   0.05083   0.01833
    66/299     6.52G   0.05014   0.07132   0.02651     0.148       115       640    0.6466    0.4769    0.5217    0.3274   0.04389   0.05082   0.01832
    67/299     6.52G   0.05006   0.07119   0.02642    0.1477       139       640    0.6537    0.4739    0.5225    0.3273   0.04387   0.05082   0.01832
    68/299     6.52G   0.05011   0.07099   0.02647    0.1476       160       640    0.6525    0.4737    0.5226    0.3276   0.04386   0.05083    0.0183
    69/299     6.52G    0.0501     0.071   0.02645    0.1475       111       640    0.6457    0.4778    0.5229    0.3273   0.04386   0.05083   0.01828
    70/299     6.52G   0.05006     0.071   0.02636    0.1474       166       640    0.6217    0.4881     0.523    0.3277   0.04386   0.05082   0.01825
    71/299     6.52G   0.05008   0.07107   0.02628    0.1474       142       640    0.6508    0.4749    0.5235    0.3284   0.04385   0.05081   0.01823
    72/299     6.52G   0.05009     0.071   0.02637    0.1475       164       640    0.6698    0.4658    0.5232    0.3281   0.04385   0.05079    0.0182
    73/299     6.52G   0.04997   0.07096   0.02636    0.1473       123       640    0.6481    0.4761    0.5233    0.3279   0.04385   0.05078    0.0182
    74/299     6.52G   0.05001   0.07102   0.02631    0.1473       135       640    0.6307    0.4839    0.5228    0.3279   0.04385   0.05078    0.0182
    75/299     6.52G   0.04999   0.07114   0.02639    0.1475       167       640    0.6395    0.4802    0.5234     0.328   0.04385   0.05077   0.01818
    76/299     6.52G      0.05   0.07124   0.02636    0.1476       142       640    0.6526    0.4746    0.5237    0.3277   0.04385   0.05076   0.01818
    77/299     6.52G   0.04991   0.07089   0.02625    0.1471       188       640    0.6329    0.4846    0.5235    0.3279   0.04385   0.05077   0.01818
    78/299     6.52G   0.04994   0.07091   0.02625    0.1471       192       640    0.6275    0.4885    0.5234    0.3276   0.04384   0.05077   0.01816
    79/299     6.52G      0.05   0.07116   0.02628    0.1474       148       640    0.6442    0.4816    0.5233    0.3278   0.04383   0.05077   0.01813
    80/299     6.52G   0.04993   0.07096   0.02615     0.147       190       640    0.6377    0.4831    0.5228    0.3277   0.04383   0.05077   0.01812
    81/299     6.52G   0.04994    0.0711   0.02618    0.1472       153       640    0.6289    0.4887    0.5234    0.3281   0.04383   0.05077   0.01811
    82/299     6.52G   0.04992   0.07125   0.02615    0.1473        73       640    0.6253    0.4912    0.5235     0.328   0.04382   0.05077   0.01809
    83/299     6.52G   0.04986   0.07099   0.02605    0.1469       120       640    0.6358    0.4858    0.5234    0.3277   0.04381   0.05078   0.01809
    84/299     6.52G   0.04984   0.07087   0.02617    0.1469       145       640    0.6352    0.4874    0.5237     0.328    0.0438   0.05078   0.01809
    85/299     6.52G   0.04992   0.07104   0.02608     0.147       131       640    0.6345    0.4862    0.5236    0.3286   0.04378   0.05077   0.01808
    86/299     6.52G   0.04984   0.07087   0.02619    0.1469       108       640    0.6473    0.4805     0.524    0.3285   0.04378   0.05076   0.01807
    87/299     6.52G   0.04982   0.07086   0.02605    0.1467       167       640    0.6531    0.4771    0.5234    0.3287   0.04378   0.05076   0.01806
    88/299     6.52G   0.04982   0.07102   0.02606    0.1469        89       640    0.6353    0.4887     0.524    0.3287   0.04377   0.05076   0.01806
    89/299     6.52G   0.04981   0.07102   0.02601    0.1468       143       640    0.6289    0.4914    0.5245    0.3291   0.04376   0.05075   0.01807
    90/299     6.52G   0.04978   0.07074   0.02597    0.1465       153       640    0.6182    0.4968    0.5247    0.3292   0.04376   0.05074   0.01806
    91/299     6.52G   0.04976   0.07082   0.02601    0.1466       160       640    0.6342    0.4883    0.5253    0.3298   0.04375   0.05073   0.01806
    92/299     6.52G   0.04978   0.07102     0.026    0.1468       190       640    0.6114    0.4996    0.5255      0.33   0.04374   0.05073   0.01805
    93/299     6.52G   0.04976   0.07087   0.02586    0.1465       152       640    0.6165    0.4983     0.526    0.3297   0.04374   0.05072   0.01804
    94/299     6.52G    0.0497   0.07081   0.02592    0.1464       130       640    0.6164    0.4999    0.5267    0.3306   0.04373   0.05072   0.01802
    95/299     6.52G   0.04972   0.07091   0.02589    0.1465       236       640    0.6286    0.4949    0.5281    0.3315   0.04372   0.05071   0.01801
    96/299     6.52G   0.04968   0.07066   0.02588    0.1462       120       640    0.6164    0.5009    0.5283    0.3315   0.04372   0.05071     0.018
    97/299     6.52G   0.04968     0.071   0.02577    0.1465       146       640    0.6149    0.5007    0.5289    0.3324   0.04371    0.0507   0.01799
    98/299     6.52G   0.04963   0.07063   0.02588    0.1461       137       640    0.6338    0.4894    0.5288    0.3326   0.04371   0.05068   0.01798
    99/299     6.52G   0.04962   0.07087   0.02576    0.1462        91       640    0.6441    0.4861    0.5301    0.3341   0.04369   0.05066   0.01793
   100/299     6.52G   0.04959    0.0708   0.02583    0.1462       165       640    0.6608    0.4768    0.5301    0.3338   0.04368   0.05063    0.0179
   101/299     6.52G   0.04958   0.07058   0.02579    0.1459       164       640    0.6335    0.4907    0.5304    0.3339   0.04366   0.05063   0.01789
   102/299     6.52G   0.04959   0.07063   0.02564    0.1459       150       640     0.645     0.486    0.5303    0.3345   0.04364   0.05062    0.0179
   103/299     6.52G   0.04952   0.07054   0.02576    0.1458       168       640    0.6487    0.4849    0.5302    0.3342   0.04363   0.05061   0.01788
   104/299     6.52G   0.04954   0.07063   0.02564    0.1458       166       640    0.6393    0.4906    0.5296    0.3336   0.04363    0.0506   0.01789
   105/299     6.52G   0.04954    0.0706   0.02558    0.1457       103       640    0.6328    0.4948      0.53    0.3333   0.04362    0.0506   0.01788
   106/299     6.52G   0.04949   0.07058   0.02557    0.1456       220       640    0.6308    0.4952    0.5298    0.3335   0.04361   0.05058   0.01786
   107/299     6.52G   0.04949   0.07059   0.02553    0.1456       153       640    0.6317    0.4932    0.5294    0.3339   0.04361   0.05057   0.01786
   108/299     6.52G    0.0495   0.07066   0.02561    0.1458       107       640    0.6456    0.4866      0.53    0.3338    0.0436   0.05057   0.01787
   109/299     6.52G   0.04947   0.07058   0.02552    0.1456       112       640    0.6482    0.4856    0.5309     0.334    0.0436   0.05058   0.01785
   110/299     6.52G   0.04946   0.07055   0.02553    0.1455       132       640    0.6343    0.4915    0.5307    0.3348   0.04359   0.05058   0.01782
   111/299     6.52G   0.04938   0.07046   0.02542    0.1453       163       640     0.653    0.4825    0.5317    0.3355   0.04358   0.05059   0.01781
   112/299     6.52G    0.0494   0.07067    0.0255    0.1456       115       640    0.6579     0.481    0.5322    0.3351   0.04357   0.05058   0.01779
   113/299     6.52G   0.04945   0.07058    0.0254    0.1454       124       640    0.6351    0.4926    0.5325    0.3349   0.04356   0.05059   0.01777
   114/299     6.52G   0.04935   0.07043   0.02543    0.1452        97       640    0.6392     0.492    0.5332    0.3354   0.04355   0.05059   0.01776
   115/299     6.52G   0.04934   0.07044   0.02535    0.1451       138       640    0.6695    0.4782    0.5334    0.3352   0.04355   0.05057   0.01776
   116/299     6.52G   0.04935   0.07045    0.0254    0.1452        92       640    0.6391    0.4941    0.5342    0.3356   0.04354   0.05055   0.01775
   117/299     6.52G   0.04933   0.07054   0.02531    0.1452       159       640    0.6314    0.4977    0.5334    0.3357   0.04353   0.05055   0.01773
   118/299     6.52G   0.04927   0.07025    0.0253    0.1448       192       640    0.6176    0.5054    0.5337    0.3355   0.04353   0.05055   0.01774
   119/299     6.52G   0.04934   0.07078   0.02524    0.1454       143       640    0.6296    0.4978    0.5325    0.3357   0.04353   0.05056   0.01775
   120/299     6.52G   0.04927   0.07034   0.02531    0.1449       170       640    0.6609    0.4797    0.5323    0.3354   0.04353   0.05055   0.01775
   121/299     6.52G   0.04922   0.07033   0.02521    0.1448       156       640    0.6341    0.4949    0.5321    0.3357   0.04352   0.05055   0.01776
   122/299     6.52G   0.04924   0.07026   0.02521    0.1447       100       640     0.659    0.4827    0.5325    0.3361   0.04351   0.05056   0.01774
   123/299     6.52G   0.04919   0.07029   0.02513    0.1446       121       640    0.6377    0.4936    0.5322    0.3358    0.0435   0.05055   0.01773
   124/299     6.52G   0.04926   0.07034   0.02512    0.1447        96       640    0.6533    0.4853    0.5321    0.3354   0.04349   0.05055   0.01773
   125/299     6.52G   0.04917   0.07012    0.0251    0.1444       123       640    0.6472    0.4883    0.5324    0.3354   0.04348   0.05056   0.01772
   126/299     6.52G   0.04914   0.07022   0.02504    0.1444       154       640    0.6416     0.491    0.5318    0.3357   0.04347   0.05055   0.01772
   127/299     6.52G   0.04909   0.07013   0.02501    0.1442        93       640    0.6572    0.4836    0.5328    0.3362   0.04346   0.05054   0.01771
   128/299     6.52G    0.0491   0.07024   0.02504    0.1444       103       640    0.6562    0.4856    0.5332    0.3362   0.04345   0.05053    0.0177
   129/299     6.52G   0.04906   0.07036   0.02495    0.1444       240       640    0.6284    0.5011    0.5333     0.336   0.04344   0.05053   0.01769
   130/299     6.52G   0.04906   0.07029   0.02495    0.1443       139       640    0.6354    0.4978    0.5331    0.3366   0.04343   0.05053   0.01767
   131/299     6.52G   0.04898   0.07007   0.02497     0.144       122       640    0.6392    0.4948    0.5334    0.3366   0.04342   0.05053   0.01765
   132/299     6.52G   0.04906   0.07034   0.02488    0.1443       147       640    0.6484    0.4894    0.5341    0.3363   0.04341   0.05052   0.01763
   133/299     6.52G   0.04903   0.07029    0.0249    0.1442       141       640    0.6276    0.5004    0.5339    0.3364   0.04339    0.0505   0.01761
   134/299     6.52G   0.04898   0.07001   0.02489    0.1439       105       640    0.6467    0.4907    0.5337    0.3362   0.04338   0.05049    0.0176
   135/299     6.52G   0.04897   0.07006   0.02484    0.1439        81       640    0.6508    0.4897    0.5346    0.3363   0.04337    0.0505   0.01756
   136/299     6.52G   0.04891   0.07029   0.02478     0.144       144       640    0.6416    0.4949    0.5346    0.3368   0.04336   0.05048   0.01756
   137/299     6.52G    0.0489   0.07024   0.02476    0.1439       131       640    0.6403    0.4968    0.5346    0.3372   0.04335   0.05048   0.01756
   138/299     6.52G   0.04887   0.07029   0.02471    0.1439       136       640    0.6441    0.4952    0.5345    0.3377   0.04335   0.05047   0.01756
   139/299     6.52G    0.0489   0.07014   0.02477    0.1438       101       640    0.6289    0.5024    0.5347    0.3376   0.04333   0.05046   0.01755
   140/299     6.52G   0.04885   0.07017   0.02459    0.1436       167       640    0.6286    0.5016    0.5341    0.3377   0.04334   0.05046   0.01754
   141/299     6.52G    0.0488   0.06988   0.02457    0.1432       184       640    0.6563     0.486     0.534    0.3378   0.04333   0.05044   0.01752
   142/299     6.52G    0.0488    0.0699   0.02459    0.1433       138       640    0.6592    0.4844     0.534     0.338   0.04332   0.05043   0.01751
   143/299     6.52G   0.04877   0.06973   0.02464    0.1431       154       640    0.6262    0.5031    0.5348    0.3382   0.04332   0.05041    0.0175
   144/299     6.52G   0.04875   0.07015   0.02448    0.1434       142       640    0.6442    0.4937     0.536    0.3387   0.04331   0.05039   0.01749
   145/299     6.52G   0.04868   0.06993   0.02447    0.1431       199       640    0.6634    0.4839    0.5363    0.3388   0.04331   0.05039   0.01749
   146/299     6.52G   0.04874   0.06993   0.02447    0.1431       107       640    0.6468    0.4921    0.5368    0.3394   0.04329   0.05037   0.01747
   147/299     6.52G   0.04863   0.06994   0.02443     0.143       145       640    0.6347    0.4992     0.537    0.3401   0.04329   0.05037   0.01745
   148/299     6.52G   0.04866   0.06998   0.02445    0.1431       108       640    0.6478    0.4916    0.5364      0.34   0.04329   0.05036   0.01743
   149/299     6.52G   0.04861   0.06965   0.02444    0.1427       130       640     0.658    0.4869    0.5373    0.3401   0.04329   0.05036    0.0174
   150/299     6.52G   0.04866   0.06984   0.02443    0.1429       162       640    0.6494    0.4919    0.5369    0.3399   0.04329   0.05036   0.01738
   151/299     6.52G   0.04861   0.06978   0.02422    0.1426       159       640    0.6395    0.4979    0.5368    0.3401   0.04328   0.05034   0.01737
   152/299     6.52G   0.04858   0.06964   0.02434    0.1426        94       640    0.6342    0.5004     0.537    0.3399   0.04327   0.05033   0.01737
   153/299     6.52G   0.04852   0.06957   0.02421    0.1423       165       640    0.6412    0.4972    0.5371    0.3401   0.04327   0.05032   0.01736
   154/299     6.52G    0.0485   0.06972   0.02422    0.1424       172       640    0.6342    0.4999    0.5379    0.3404   0.04327   0.05032   0.01735
   155/299     6.52G    0.0485   0.06979   0.02414    0.1424       117       640     0.624    0.5052    0.5377    0.3403   0.04327   0.05032   0.01733
   156/299     6.52G   0.04856   0.06977   0.02416    0.1425       158       640    0.6221    0.5077    0.5383    0.3408   0.04326   0.05031   0.01732
   157/299     6.52G   0.04854   0.06969   0.02423    0.1425       191       640    0.6249    0.5081    0.5386    0.3405   0.04326   0.05031   0.01733
   158/299     6.52G   0.04847   0.06977   0.02399    0.1422       162       640    0.6519    0.4947     0.539    0.3409   0.04324   0.05032   0.01733
   159/299     6.52G   0.04838   0.06942   0.02406    0.1419       105       640     0.646    0.4968    0.5391    0.3411   0.04323   0.05031   0.01731
   160/299     6.52G   0.04843   0.06971   0.02404    0.1422       148       640    0.6548    0.4931    0.5394    0.3415    0.0432   0.05031   0.01731
   161/299     6.52G   0.04841   0.06983   0.02391    0.1421       158       640    0.6536    0.4935    0.5397    0.3415   0.04319    0.0503   0.01729
   162/299     6.52G   0.04829   0.06942   0.02395    0.1417       146       640     0.666    0.4902    0.5409    0.3422   0.04318    0.0503    0.0173
   163/299     6.52G   0.04832   0.06954   0.02396    0.1418        92       640    0.6592     0.495    0.5408    0.3423   0.04316   0.05031   0.01729
   164/299     6.52G   0.04826   0.06934   0.02393    0.1415       188       640     0.666     0.492    0.5406    0.3421   0.04314   0.05031   0.01729
   165/299     6.52G   0.04829   0.06949   0.02395    0.1417       170       640    0.6672    0.4903    0.5408    0.3428   0.04314   0.05031   0.01726
   166/299     6.52G   0.04824   0.06943   0.02384    0.1415       107       640    0.6831    0.4854    0.5414    0.3428   0.04312    0.0503   0.01724
   167/299     6.52G    0.0482   0.06946   0.02371    0.1414       154       640    0.6708    0.4914    0.5416    0.3433   0.04311   0.05029   0.01722
   168/299     6.52G   0.04818   0.06942   0.02377    0.1414       104       640    0.6747    0.4889    0.5414    0.3432    0.0431   0.05028    0.0172
   169/299     6.52G   0.04818   0.06936   0.02372    0.1413       142       640    0.6675    0.4927    0.5415    0.3437    0.0431   0.05028   0.01719
   170/299     6.52G   0.04822   0.06941   0.02369    0.1413       153       640    0.6828    0.4852    0.5418    0.3436    0.0431   0.05026   0.01718
   171/299     6.52G   0.04809   0.06919   0.02366    0.1409       150       640    0.6439     0.506    0.5419    0.3436   0.04309   0.05025   0.01718
   172/299     6.52G   0.04808   0.06953   0.02367    0.1413       144       640    0.6699     0.493    0.5421    0.3439   0.04309   0.05024   0.01717
   173/299     6.52G   0.04811   0.06946   0.02362    0.1412       161       640    0.6688    0.4943    0.5423    0.3443   0.04308   0.05023   0.01714
   174/299     6.52G   0.04805   0.06922   0.02355    0.1408       220       640    0.6682    0.4943    0.5423    0.3441   0.04307   0.05023   0.01712
   175/299     6.52G   0.04799   0.06932   0.02346    0.1408       161       640    0.6654    0.4966    0.5428    0.3439   0.04307   0.05022    0.0171
   176/299     6.52G   0.04792    0.0692   0.02342    0.1405       155       640     0.676    0.4907    0.5435    0.3442   0.04306   0.05021   0.01708
   177/299     6.52G   0.04797    0.0694   0.02352    0.1409       147       640    0.6592     0.499    0.5439    0.3447   0.04305    0.0502   0.01707
   178/299     6.52G   0.04798   0.06931   0.02343    0.1407        86       640    0.6765    0.4907    0.5437    0.3451   0.04304    0.0502   0.01705
   179/299     6.52G   0.04784    0.0691   0.02326    0.1402       117       640    0.6734    0.4935    0.5441    0.3457   0.04302   0.05019   0.01703
   180/299     6.52G    0.0479   0.06891    0.0234    0.1402       158       640    0.6674    0.4967    0.5444    0.3458   0.04302   0.05017   0.01701
   181/299     6.52G   0.04786   0.06906   0.02331    0.1402       147       640    0.6782    0.4904    0.5442     0.346   0.04301   0.05016     0.017
   182/299     6.52G   0.04783   0.06907    0.0232    0.1401       238       640    0.6749    0.4914    0.5443     0.346     0.043   0.05015   0.01699
   183/299     6.52G   0.04784   0.06914   0.02326    0.1402       119       640    0.6615    0.4986    0.5444    0.3458   0.04299   0.05014   0.01698
   184/299     6.52G   0.04781   0.06904   0.02327    0.1401       137       640    0.6575    0.4993    0.5449    0.3463   0.04298   0.05012   0.01695
   185/299     6.52G   0.04783   0.06921   0.02319    0.1402       160       640    0.6259    0.5171    0.5448    0.3467   0.04297   0.05011   0.01694
   186/299     6.52G   0.04773   0.06906   0.02315    0.1399       194       640    0.6288    0.5156     0.545    0.3466   0.04297   0.05011   0.01694
