     0/299      6.5G   0.04484   0.06728   0.02089     0.133       145       640    0.6499    0.4708    0.5148    0.3226   0.04368   0.05104    0.0188
     1/299     6.51G   0.04835   0.07012   0.02524    0.1437       134       640    0.6156    0.4566    0.4898    0.3022   0.04487   0.05191   0.02032
     2/299     6.51G   0.05231   0.07315   0.03042    0.1559       123       640    0.5822    0.4493    0.4698    0.2861   0.04577   0.05264   0.02132
     3/299     6.51G   0.05295    0.0737   0.03109    0.1577       234       640    0.6136    0.4432    0.4767    0.2913   0.04536   0.05232   0.02076
     4/299     6.51G   0.05183   0.07275   0.02931    0.1539       120       640    0.6015    0.4639    0.4921    0.3035   0.04497   0.05188   0.02008
     5/299     6.51G   0.05131   0.07249   0.02852    0.1523       118       640    0.6194    0.4628    0.4971    0.3081   0.04466   0.05165   0.01971
     6/299     6.52G   0.05104   0.07197   0.02823    0.1512        92       640    0.6507    0.4537    0.5024    0.3119   0.04447   0.05147   0.01951
     7/299     6.52G   0.05081   0.07193   0.02787    0.1506       135       640    0.6173    0.4732    0.5049     0.314   0.04437   0.05139   0.01936
     8/299     6.52G   0.05088   0.07211   0.02776    0.1508       115       640    0.6457    0.4595    0.5069    0.3155   0.04427   0.05131   0.01924
     9/299     6.52G   0.05081   0.07169   0.02762    0.1501       180       640    0.6458    0.4622    0.5079    0.3164   0.04422   0.05125   0.01914
    10/299     6.52G   0.05067   0.07184   0.02751      0.15       153       640    0.6369    0.4683    0.5093    0.3176   0.04418   0.05121   0.01907
    11/299     6.52G   0.05064   0.07151   0.02753    0.1497       194       640     0.634    0.4713    0.5106    0.3188   0.04414   0.05117   0.01901
    12/299     6.52G   0.05065   0.07183   0.02744    0.1499       151       640    0.6429    0.4682    0.5106    0.3188   0.04412   0.05114   0.01897
    13/299     6.52G   0.05063   0.07177   0.02735    0.1497       143       640    0.6373    0.4724    0.5104    0.3187    0.0441   0.05111   0.01895
    14/299     6.52G   0.05052   0.07165   0.02748    0.1496       166       640    0.6298    0.4777    0.5116    0.3195   0.04408   0.05109   0.01891
    15/299     6.52G   0.05062   0.07173    0.0273    0.1497       149       640    0.6334    0.4768    0.5124    0.3199   0.04407   0.05107   0.01888
    16/299     6.52G   0.05058   0.07158   0.02739    0.1495       136       640    0.6237    0.4828    0.5127    0.3205   0.04406   0.05105   0.01884
    17/299     6.52G   0.05054   0.07147   0.02739    0.1494       169       640    0.6122    0.4896    0.5135    0.3217   0.04405   0.05103   0.01881
    18/299     6.52G   0.05055   0.07146   0.02731    0.1493        81       640    0.6035    0.4925    0.5139    0.3215   0.04404   0.05102   0.01876
    19/299     6.52G   0.05054   0.07145   0.02725    0.1492       144       640    0.6424    0.4711    0.5139    0.3217   0.04403     0.051   0.01875
    20/299     6.52G   0.05057   0.07154   0.02719    0.1493       113       640    0.6389    0.4732    0.5137     0.322   0.04402   0.05098   0.01873
    21/299     6.52G   0.05053   0.07156   0.02726    0.1494       143       640    0.6262    0.4804     0.515    0.3225   0.04402   0.05098    0.0187
    22/299     6.52G   0.05057   0.07177    0.0272    0.1495       138       640    0.6271    0.4797    0.5155     0.323     0.044   0.05098   0.01868
    23/299     6.52G   0.05056   0.07155   0.02723    0.1493       135       640    0.6292    0.4783    0.5154    0.3228   0.04401   0.05098   0.01866
    24/299     6.52G    0.0505   0.07167    0.0272    0.1494       113       640    0.6281    0.4778    0.5157    0.3231     0.044   0.05097   0.01865
    25/299     6.52G   0.05057   0.07147   0.02725    0.1493       135       640    0.6239    0.4804     0.516    0.3229     0.044   0.05098   0.01866
    26/299     6.52G   0.05057   0.07132   0.02711     0.149       148       640    0.6448    0.4709    0.5165    0.3228     0.044   0.05097   0.01864
    27/299     6.52G    0.0505   0.07169   0.02713    0.1493       145       640    0.6403    0.4739    0.5177    0.3233     0.044   0.05096   0.01864
    28/299     6.52G   0.05056   0.07166   0.02713    0.1493       191       640     0.625    0.4828    0.5179    0.3241     0.044   0.05097   0.01863
    29/299     6.52G   0.05054   0.07159   0.02712    0.1492       201       640    0.6366    0.4776    0.5181     0.324   0.04399   0.05096   0.01863
    30/299     6.52G   0.05044   0.07146   0.02709     0.149       165       640    0.6387    0.4772    0.5177    0.3239   0.04399   0.05098   0.01863
    31/299     6.52G   0.05046   0.07146    0.0271     0.149        87       640    0.6186    0.4875    0.5164    0.3231   0.04399   0.05099   0.01862
    32/299     6.52G   0.05041   0.07128   0.02698    0.1487       126       640    0.6355    0.4794    0.5171    0.3234     0.044     0.051   0.01863
    33/299     6.52G   0.05047   0.07153   0.02696     0.149       172       640     0.628    0.4826    0.5169    0.3236     0.044   0.05099   0.01863
    34/299     6.52G   0.05047   0.07142   0.02703    0.1489       161       640    0.6356    0.4792    0.5166    0.3238   0.04401   0.05097   0.01864
    35/299     6.52G   0.05049   0.07154   0.02708    0.1491       156       640    0.6325    0.4799    0.5166    0.3233   0.04401   0.05095    0.0186
    36/299     6.52G   0.05047    0.0717   0.02706    0.1492       108       640    0.6201    0.4866    0.5173    0.3233   0.04401   0.05094   0.01859
    37/299     6.52G   0.05045   0.07143   0.02701    0.1489       152       640    0.6126    0.4917    0.5182    0.3239     0.044   0.05093   0.01857
    38/299     6.52G   0.05041   0.07114   0.02703    0.1486       203       640    0.6161    0.4904    0.5183    0.3242     0.044   0.05093   0.01854
    39/299     6.52G   0.05043   0.07157   0.02704     0.149       143       640    0.6132    0.4912     0.518    0.3239   0.04399   0.05093   0.01852
    40/299     6.52G   0.05039   0.07127   0.02705    0.1487       173       640    0.6374    0.4793    0.5181     0.324   0.04399   0.05092   0.01849
    41/299     6.52G   0.05034   0.07123   0.02696    0.1485       199       640    0.6312    0.4832    0.5193    0.3242   0.04397   0.05092   0.01846
    42/299     6.52G    0.0504   0.07138   0.02694    0.1487       171       640    0.6211    0.4877    0.5198    0.3249   0.04397   0.05092   0.01845
    43/299     6.52G   0.05036   0.07144   0.02694    0.1487       123       640    0.6393    0.4797    0.5198    0.3254   0.04396   0.05091   0.01843
    44/299     6.52G   0.05036   0.07129   0.02675    0.1484       110       640    0.6289    0.4851    0.5207     0.326   0.04395    0.0509   0.01843
    45/299     6.52G   0.05036   0.07148   0.02683    0.1487        99       640    0.6231     0.488    0.5211    0.3258   0.04395   0.05089   0.01844
    46/299     6.52G   0.05037   0.07139   0.02687    0.1486       105       640    0.6374    0.4816    0.5212    0.3259   0.04394   0.05087   0.01845
    47/299     6.52G   0.05032   0.07153   0.02682    0.1487       178       640    0.6499    0.4745     0.521    0.3254   0.04394   0.05088   0.01845
    48/299     6.52G   0.05032   0.07143   0.02679    0.1485       152       640    0.6422     0.479    0.5215    0.3259   0.04394   0.05088   0.01845
    49/299     6.52G   0.05033   0.07131   0.02677    0.1484       170       640    0.6287    0.4859    0.5214    0.3263   0.04394   0.05087   0.01846
    50/299     6.52G   0.05029   0.07134   0.02683    0.1485       147       640    0.6598    0.4706    0.5212    0.3259   0.04394   0.05088   0.01846
    51/299     6.52G    0.0503    0.0715   0.02675    0.1486       170       640    0.6465    0.4764    0.5215    0.3264   0.04395   0.05087   0.01846
    52/299     6.52G   0.05026   0.07124   0.02674    0.1482       153       640    0.6362    0.4818    0.5211    0.3262   0.04396   0.05087   0.01845
    53/299     6.52G   0.05028   0.07147   0.02675    0.1485       103       640    0.6278    0.4856    0.5211    0.3264   0.04397   0.05088   0.01846
    54/299     6.52G   0.05029   0.07146   0.02678    0.1485       113       640     0.638     0.479    0.5204     0.326   0.04396   0.05087   0.01844
    55/299     6.52G   0.05024   0.07139   0.02671    0.1483       171       640    0.6478    0.4743    0.5203    0.3261   0.04396   0.05086   0.01843
    56/299     6.52G   0.05019   0.07099    0.0267    0.1479        92       640    0.6381    0.4799      0.52    0.3257   0.04395   0.05085   0.01842
    57/299     6.52G   0.05023   0.07103   0.02665    0.1479       153       640    0.6489    0.4752    0.5205    0.3256   0.04394   0.05085   0.01841
    58/299     6.52G   0.05011    0.0711    0.0266    0.1478       110       640    0.6525    0.4736    0.5207     0.326   0.04393   0.05084   0.01841
    59/299     6.52G   0.05028   0.07101   0.02667     0.148       162       640    0.6476    0.4771    0.5209    0.3258   0.04393   0.05084   0.01842
    60/299     6.52G   0.05016   0.07127   0.02662    0.1481       190       640    0.6245    0.4883    0.5212    0.3256   0.04393   0.05083   0.01842
    61/299     6.52G   0.05013   0.07145   0.02656    0.1481       128       640    0.6324    0.4831    0.5213    0.3259   0.04393   0.05082   0.01842
    62/299     6.52G   0.05013   0.07128    0.0265    0.1479       182       640    0.6282    0.4848    0.5214    0.3263   0.04392   0.05082   0.01841
    63/299     6.52G   0.05017   0.07129   0.02655     0.148        71       640    0.6329    0.4825     0.522    0.3265   0.04391   0.05082   0.01839
    64/299     6.52G   0.05011   0.07097   0.02651    0.1476       123       640    0.6439    0.4776     0.522    0.3268    0.0439   0.05083   0.01837
    65/299     6.52G   0.05019   0.07115   0.02651    0.1478       156       640    0.6511    0.4757    0.5221     0.326   0.04388   0.05082   0.01834
    66/299     6.52G   0.05014   0.07131   0.02651     0.148       115       640    0.6401    0.4818    0.5219    0.3266   0.04387   0.05081   0.01831
    67/299     6.52G   0.05008    0.0712   0.02648    0.1478       139       640    0.6283    0.4891    0.5223    0.3268   0.04386   0.05081   0.01831
    68/299     6.52G    0.0501   0.07101   0.02645    0.1476       160       640    0.6286    0.4904    0.5231    0.3276   0.04385    0.0508   0.01829
    69/299     6.52G   0.05013     0.071   0.02647    0.1476       111       640    0.6282    0.4896    0.5224    0.3269   0.04385    0.0508   0.01828
    70/299     6.52G   0.05006   0.07101   0.02637    0.1475       166       640     0.629    0.4901    0.5233    0.3278   0.04384   0.05077   0.01828
    71/299     6.52G   0.05008   0.07108    0.0263    0.1475       142       640    0.6352    0.4876    0.5239    0.3282   0.04384   0.05077   0.01828
    72/299     6.52G   0.05005   0.07097   0.02633    0.1474       164       640    0.6505    0.4794    0.5238     0.328   0.04384   0.05076    0.0183
    73/299     6.52G   0.04997   0.07098   0.02636    0.1473       123       640    0.6512    0.4803    0.5236    0.3275   0.04384   0.05077   0.01829
    74/299     6.52G   0.04999   0.07102   0.02633    0.1473       135       640    0.6442    0.4837    0.5239    0.3271   0.04383   0.05077   0.01828
    75/299     6.52G   0.04997   0.07114   0.02636    0.1475       167       640    0.6425    0.4844    0.5236    0.3278   0.04382   0.05076   0.01827
    76/299     6.52G      0.05   0.07122   0.02631    0.1475       142       640    0.6358    0.4868    0.5228    0.3279   0.04383   0.05075   0.01827
    77/299     6.52G    0.0499   0.07089   0.02623     0.147       188       640    0.6316    0.4901    0.5238    0.3284   0.04383   0.05076   0.01827
    78/299     6.52G   0.04995   0.07093   0.02629    0.1472       192       640    0.6224    0.4975    0.5232     0.328   0.04384   0.05077   0.01827
    79/299     6.52G   0.04999   0.07116   0.02626    0.1474       148       640    0.6472    0.4828    0.5239    0.3285   0.04383   0.05077   0.01826
    80/299     6.52G   0.04993   0.07097   0.02614     0.147       190       640    0.6275    0.4928    0.5236    0.3282   0.04383   0.05076   0.01826
    81/299     6.52G   0.04996    0.0711    0.0262    0.1473       153       640    0.6429    0.4834    0.5234    0.3284   0.04382   0.05075   0.01825
    82/299     6.52G   0.04991   0.07125   0.02616    0.1473        73       640    0.6316    0.4889    0.5239    0.3291   0.04381   0.05074   0.01822
    83/299     6.52G   0.04985   0.07101   0.02607    0.1469       120       640    0.6204    0.4947    0.5249    0.3291   0.04379   0.05074   0.01821
    84/299     6.52G   0.04983   0.07087   0.02614    0.1468       145       640    0.6315    0.4879    0.5262    0.3299   0.04378   0.05073    0.0182
    85/299     6.52G    0.0499     0.071   0.02605    0.1469       131       640    0.6324    0.4882    0.5274    0.3309   0.04377   0.05072   0.01819
    86/299     6.52G   0.04985   0.07088   0.02622     0.147       108       640    0.6355    0.4876    0.5272    0.3309   0.04377    0.0507   0.01817
    87/299     6.52G   0.04981   0.07084   0.02606    0.1467       167       640     0.639    0.4847    0.5273    0.3309   0.04377    0.0507   0.01817
    88/299     6.52G    0.0498     0.071   0.02609    0.1469        89       640    0.6294    0.4887    0.5271     0.331   0.04376   0.05071   0.01816
    89/299     6.52G   0.04982   0.07104   0.02603    0.1469       143       640    0.6493    0.4785    0.5265    0.3306   0.04375   0.05071   0.01815
    90/299     6.52G   0.04979   0.07073   0.02599    0.1465       153       640    0.6383    0.4842     0.527    0.3304   0.04375   0.05071   0.01814
    91/299     6.52G   0.04974   0.07079   0.02596    0.1465       160       640    0.6333    0.4875     0.527    0.3306   0.04373    0.0507   0.01813
    92/299     6.52G   0.04977   0.07099   0.02598    0.1467       190       640    0.6116    0.5012    0.5269    0.3313   0.04372   0.05069   0.01812
    93/299     6.52G   0.04977   0.07088   0.02588    0.1465       152       640    0.6112    0.5018     0.527    0.3318   0.04372   0.05069   0.01811
    94/299     6.52G    0.0497   0.07081   0.02591    0.1464       130       640    0.6373    0.4887    0.5277    0.3321   0.04372    0.0507   0.01809
    95/299     6.52G   0.04973    0.0709   0.02587    0.1465       236       640    0.6353    0.4909    0.5277    0.3325   0.04371   0.05069   0.01807
    96/299     6.52G   0.04969   0.07066   0.02593    0.1463       120       640    0.6394    0.4891    0.5287    0.3329    0.0437   0.05068   0.01804
    97/299     6.52G   0.04969     0.071   0.02581    0.1465       146       640    0.6331    0.4915    0.5289    0.3331   0.04369   0.05067   0.01801
